belief network "unknown"
node ATgoals {
  type : discrete [ 5 ] = { "x", "x2", "x3", "x4", "x_" };
}
node ATshots {
  type : discrete [ 5 ] = { "x1_", "x1to14", "x5to20", "xto10", "xto6" };
}
node ATshotsOnTarget {
  type : discrete [ 5 ] = { "x0_", "xto1", "xto3", "xto6", "xto9" };
}
node HDA {
  type : discrete [ 3 ] = { "A", "D", "H" };
}
node HTgoals {
  type : discrete [ 5 ] = { "x", "x2", "x3", "x4", "x_" };
}
node HTshotOnTarget {
  type : discrete [ 5 ] = { "x0_", "xto1", "xto3", "xto6", "xto9" };
}
node HTshots {
  type : discrete [ 5 ] = { "x1_", "x1to14", "x5to20", "xto10", "xto6" };
}
node RDlevel {
  type : discrete [ 8 ] = { "x1to23", "x2to14", "x5to17", "x8to20", "xto11", "xto2", "xto5", "xto8" };
}
node possession {
  type : discrete [ 5 ] = { "lessThan38_", "x6__", "x7to56_", "x7to65_", "x8to46_" };
}
probability ( ATgoals | ATshotsOnTarget, RDlevel ) {
  (0, 0) : 0.2199197860962567, 0.03957219251336899, 0.1852941176470588, 0.1479946524064171, 0.4072192513368984;
  (0, 1) : 0.2749411927494119, 0.1190673861906739, 0.3733222637332226, 0.155458696554587, 0.07721046077210461;
  (0, 2) : 0.1513053036548502, 0.1641659796647431, 0.2330860126408354, 0.2518823852706787, 0.1995603187688925;
  (0, 3) : 0.1837325421521094, 0.1819234387437586, 0.1895216730588321, 0.2010275707359433, 0.2437947753093567;
  (0, 4) : 0.4743462897526502, 0.2459363957597173, 0.2418374558303887, 0.0, 0.03787985865724382;
  (0, 5) : 0.6674757281553398, 0.0, 0.0, 0.3325242718446602, 0.0;
  (0, 6) : 0.2810945273631841, 0.2855721393034826, 0.1507462686567164, 0.1378109452736318, 0.1447761194029851;
  (0, 7) : 0.0, 0.0, 0.7407740774077408, 0.0, 0.2592259225922592;
  (1, 0) : 0.5175292153589316, 0.4824707846410685, 0.0, 0.0, 0.0;
  (1, 1) : 0.215795889201799, 0.784204110798201, 0.0, 0.0, 0.0;
  (1, 2) : 0.2132257224681073, 0.7867742775318928, 0.0, 0.0, 0.0;
  (1, 3) : 0.4054652880354505, 0.5945347119645494, 0.0, 0.0, 0.0;
  (1, 4) : 0.2040743811441431, 0.7959256188558569, 0.0, 0.0, 0.0;
  (1, 5) : 0.1546449307726664, 0.8108530594015185, 0.0345020098258151, 0.0, 0.0;
  (1, 6) : 0.219506837278269, 0.7632489428304684, 0.01724421989126256, 0.0, 0.0;
  (1, 7) : 0.228958592020731, 0.7561950008098041, 0.01484640716946499, 0.0, 0.0;
  (2, 0) : 0.4510247990035103, 0.3201222964556675, 0.1617030913826294, 0.06714981315819273, 0.0;
  (2, 1) : 0.3710648082436767, 0.423013597524626, 0.1742981235983762, 0.03162347063332104, 0.0;
  (2, 2) : 0.4783095786394473, 0.4006659612871102, 0.09463496607954192, 0.02638949399390054, 0.0;
  (2, 3) : 0.4371745528639348, 0.2736019923024677, 0.2407742811863256, 0.0484491736472719, 0.0;
  (2, 4) : 0.4079723293263778, 0.455904589098057, 0.1310576850381795, 0.005065396537385651, 0.0;
  (2, 5) : 0.2240831878075885, 0.5994602317828227, 0.1539926972535323, 0.02246388315605652, 0.0;
  (2, 6) : 0.4183927864116126, 0.4737761830424754, 0.0867214986369673, 0.02110953190894476, 0.0;
  (2, 7) : 0.3986302327206653, 0.4391175716914762, 0.1424045472546416, 0.01271926759382207, 0.007128380739394787;
  (3, 0) : 0.2288158366176997, 0.115057327122895, 0.3902275170189896, 0.2005553565030455, 0.06534396273737011;
  (3, 1) : 0.363008264794786, 0.2193635204209723, 0.2801092599845349, 0.1169925385874532, 0.02052641621225359;
  (3, 2) : 0.3222117391428653, 0.2102524516110587, 0.2916202075649713, 0.151199359579152, 0.02471624210195271;
  (3, 3) : 0.3175902287630775, 0.1688191420133153, 0.2800720828953296, 0.1777544175802173, 0.05576412874806027;
  (3, 4) : 0.3570315147407658, 0.3176550321924771, 0.2236394442561843, 0.08597763470010165, 0.01569637411047103;
  (3, 5) : 0.3192765349833412, 0.5226082817705854, 0.08129462160875774, 0.07682056163731557, 0.0;
  (3, 6) : 0.4184918648310388, 0.3487171464330413, 0.1612640801001252, 0.06251564455569462, 0.009011264080100126;
  (3, 7) : 0.4714530810656246, 0.2853262164609446, 0.1472858981079922, 0.09593480436543869, 0.0;
  (4, 0) : 0.193258907109663, 0.1449708883072486, 0.2993429838149672, 0.1669248437583462, 0.1955023770097751;
  (4, 1) : 0.2763875738311015, 0.2101537490418865, 0.288921953198972, 0.1595428107669417, 0.06499391316109833;
  (4, 2) : 0.2851842122545478, 0.1684836146319039, 0.2880081434294345, 0.1599461482892231, 0.09837788139489065;
  (4, 3) : 0.2562022553655875, 0.1016733357584576, 0.2496907966533285, 0.1941797017097126, 0.1982539105129138;
  (4, 4) : 0.3078608794005372, 0.2126396154389933, 0.2812809274706631, 0.1390852537819878, 0.05913332390781847;
  (4, 5) : 0.1252728066346573, 0.4919249236141423, 0.1348756001745962, 0.2479266695766041, 0.0;
  (4, 6) : 0.7039651547011114, 0.1264644037248423, 0.1308200660859117, 0.03875037548813458, 0.0;
  (4, 7) : 0.2524253007372914, 0.3406092355452076, 0.2173069460613116, 0.1363989134652697, 0.05325960419091967;
}
probability ( ATshots | RDlevel, possession ) {
  (0, 0) : 0.2032851985559567, 0.274187725631769, 0.4620216606498195, 0.06050541516245488, 0.0;
  (0, 1) : 0.2, 0.2, 0.2, 0.2, 0.2;
  (0, 2) : 0.0, 0.3087370768295155, 0.2318062031218326, 0.3680316237583621, 0.09142509629028989;
  (0, 3) : 0.0, 1.0, 0.0, 0.0, 0.0;
  (0, 4) : 0.0992347445835818, 0.3680679785330948, 0.3212085072550189, 0.2114887696283045, 0.0;
  (1, 0) : 0.1579821465642516, 0.2844785827970382, 0.3672410213826033, 0.1535533873088367, 0.03674486194727009;
  (1, 1) : 0.0, 0.197437114380636, 0.137280493592786, 0.4737778832463218, 0.1915045087802563;
  (1, 2) : 0.01496899527340532, 0.3639911538961884, 0.1474350635271671, 0.3771302198516976, 0.09647456745154157;
  (1, 3) : 0.0, 0.3265242313705055, 0.07347576862949452, 0.3929338196977593, 0.2070661803022407;
  (1, 4) : 0.05971990312438889, 0.3463002241376717, 0.2446861320456699, 0.3071739097733051, 0.04211983091896446;
  (2, 0) : 0.1296931913701317, 0.302920986270664, 0.3595895208741944, 0.2077963014850098, 0.0;
  (2, 1) : 0.0, 0.1750778816199377, 0.0, 0.6517133956386293, 0.173208722741433;
  (2, 2) : 0.04138779349517022, 0.376903874678919, 0.1924315328678413, 0.2971853406171991, 0.09209145834087044;
  (2, 3) : 0.0, 0.2931433659839715, 0.03223508459483526, 0.5561294152567527, 0.1184921341644405;
  (2, 4) : 0.05048543689320388, 0.3222053977019685, 0.3401621092010332, 0.2377304711855349, 0.04941658501825955;
  (3, 0) : 0.2307969275084013, 0.2481096975516082, 0.4176668266922708, 0.0860837734037446, 0.01734277484397504;
  (3, 1) : 0.2, 0.2, 0.2, 0.2, 0.2;
  (3, 2) : 0.1184495092330727, 0.3778628070759164, 0.2391726279598514, 0.234569955082349, 0.02994510064881051;
  (3, 3) : 0.0, 0.1366459627329193, 0.4415113871635611, 0.2841614906832298, 0.1376811594202899;
  (3, 4) : 0.07150153217568948, 0.2873680626489615, 0.392513619339462, 0.2025876744977869, 0.0460291113381001;
  (4, 0) : 0.0, 0.3301690206066219, 0.4633016902060662, 0.1352164852975226, 0.0713128038897893;
  (4, 1) : 0.0, 0.1274810392125222, 0.04252057447151848, 0.5313861545909311, 0.2986122317250283;
  (4, 2) : 0.004082719446170231, 0.3523691184115432, 0.169382140004311, 0.3766879255474267, 0.09747809659054889;
  (4, 3) : 0.0, 0.2568814408167197, 0.08223056919965328, 0.4389868053549071, 0.22190118462872;
  (4, 4) : 0.03778746143325169, 0.4140716943923153, 0.2400839721365183, 0.2538884824580935, 0.05416838957982124;
  (5, 0) : 0.2, 0.2, 0.2, 0.2, 0.2;
  (5, 1) : 0.0, 0.07261497871319782, 0.0, 0.3443664927744798, 0.5830185285123224;
  (5, 2) : 0.0, 0.268837803320562, 0.0, 0.6385696040868455, 0.09259259259259259;
  (5, 3) : 0.0, 0.2244070545307115, 0.03601594702344753, 0.4305020609500642, 0.3090749374957767;
  (5, 4) : 0.5176678445229682, 0.4823321554770318, 0.0, 0.0, 0.0;
  (6, 0) : 0.2, 0.2, 0.2, 0.2, 0.2;
  (6, 1) : 0.0, 0.1079791721208948, 0.008261337522180529, 0.3287372371062047, 0.55502225325072;
  (6, 2) : 0.0, 0.2585263588484941, 0.1292120468374495, 0.5078488520734264, 0.1044127422406299;
  (6, 3) : 0.0, 0.2145175893823289, 0.04951085396285582, 0.4121193383830576, 0.3238522182717576;
  (6, 4) : 0.0, 0.1126427727451753, 0.120126033871603, 0.5553367467506892, 0.2118944466325325;
  (7, 0) : 0.0, 0.0, 0.0, 1.0, 0.0;
  (7, 1) : 0.0, 0.1031755542240863, 0.0347114040343519, 0.4347513481126423, 0.4273616936289195;
  (7, 2) : 0.006457448679615066, 0.2787507223799593, 0.09279127616271765, 0.4565692605341843, 0.1654312922435237;
  (7, 3) : 0.0, 0.1746806569343066, 0.06409671532846715, 0.4692062043795621, 0.2920164233576643;
  (7, 4) : 0.04768392370572207, 0.341791553133515, 0.1849455040871935, 0.337874659400545, 0.08770435967302452;
}
probability ( ATshotsOnTarget | ATshots, RDlevel ) {
  (0, 0) : 0.3304929208180388, 0.0, 0.07118510749868905, 0.263371788148925, 0.3349501835343471;
  (0, 1) : 0.3712244642185737, 0.0, 0.1437523499185362, 0.24238626394285, 0.2426369219200401;
  (0, 2) : 0.5466288951841359, 0.0, 0.0, 0.2912181303116148, 0.1621529745042493;
  (0, 3) : 0.3612374886260237, 0.0, 0.04451016075219897, 0.231195025781013, 0.3630573248407643;
  (0, 4) : 0.3966887417218543, 0.0, 0.0, 0.0, 0.6033112582781457;
  (0, 5) : 1.0, 0.0, 0.0, 0.0, 0.0;
  (0, 6) : 0.2, 0.2, 0.2, 0.2, 0.2;
  (0, 7) : 0.5065176908752328, 0.0, 0.0, 0.0, 0.4934823091247672;
  (1, 0) : 0.0454222853087296, 0.0, 0.1433640880056778, 0.4410110826008626, 0.37020254408473;
  (1, 1) : 0.0294454535988245, 0.03925674815748979, 0.2013050872950677, 0.4805683146093416, 0.2494243963392764;
  (1, 2) : 0.04353014718417912, 0.01663162281449489, 0.1552158511867553, 0.5161864711787995, 0.2684359076357712;
  (1, 3) : 0.02977366469099858, 0.01854355135003986, 0.1588853072683789, 0.4892724688918929, 0.3035250077986898;
  (1, 4) : 0.01496036814753898, 0.02437402670119508, 0.1823240188273171, 0.5075501741001908, 0.2707914122237581;
  (1, 5) : 0.04639631662829821, 0.0, 0.1965645475473703, 0.4512130334690986, 0.3058261023552329;
  (1, 6) : 0.04555626598465473, 0.01486572890025576, 0.2330029838022165, 0.4976555839727195, 0.2089194373401534;
  (1, 7) : 0.01353782880644332, 0.02351983548967526, 0.2588038728472282, 0.5067260731728215, 0.1974123896838317;
  (2, 0) : 0.1915170077497796, 0.0, 0.05253143997401272, 0.3813634043343079, 0.3745881479418999;
  (2, 1) : 0.2068431395214426, 0.006496358802450584, 0.1279158478788579, 0.3149231302739567, 0.3438215235232921;
  (2, 2) : 0.2731174308758602, 0.0, 0.08470019485484548, 0.3606787854870138, 0.2815035887822805;
  (2, 3) : 0.2183794729690123, 0.0, 0.09807892142495538, 0.359436199408489, 0.3241054061975434;
  (2, 4) : 0.1926436615651169, 0.02140485128501299, 0.1168062373664453, 0.3609948021946289, 0.3081504475887958;
  (2, 5) : 0.5046904315196998, 0.0, 0.0, 0.0, 0.4953095684803002;
  (2, 6) : 0.2155655095184771, 0.0, 0.1597611048898843, 0.2646509891750653, 0.3600223964165734;
  (2, 7) : 0.06183494916055805, 0.0, 0.2009931425869, 0.3980846535824072, 0.3390872546701348;
  (3, 0) : 0.0, 0.06263724772560912, 0.379378856007529, 0.4206838858098923, 0.1373000104569696;
  (3, 1) : 0.0, 0.1224372808200701, 0.3746290801186943, 0.4355835806132542, 0.0673500584479813;
  (3, 2) : 0.0, 0.06149042735413369, 0.3535916393833611, 0.5103532013616356, 0.07456473190086946;
  (3, 3) : 0.0, 0.03296831314072694, 0.3865330848089469, 0.4767590866728798, 0.1037395153774464;
  (3, 4) : 0.004198016289485743, 0.07578601942321621, 0.4093657152148527, 0.460865323498544, 0.04978492557390134;
  (3, 5) : 0.0, 0.1030182797222616, 0.430211137877285, 0.4455150913986113, 0.02125549100184214;
  (3, 6) : 0.0, 0.1397167413146108, 0.418375499334221, 0.4223459629584796, 0.01956179639268854;
  (3, 7) : 0.0, 0.1272496049944121, 0.3575282284481098, 0.4657597595283055, 0.04946240702917261;
  (4, 0) : 0.0, 0.0, 1.0, 0.0, 0.0;
  (4, 1) : 0.0, 0.3547283005807022, 0.5016728838980118, 0.143598815521286, 0.0;
  (4, 2) : 0.0, 0.3913600946838939, 0.4140447775914785, 0.1945951277246277, 0.0;
  (4, 3) : 0.0, 0.07132788271778968, 0.6146038906117846, 0.3140682266704257, 0.0;
  (4, 4) : 0.0, 0.3921749598715891, 0.4638041733547352, 0.1440208667736758, 0.0;
  (4, 5) : 0.0, 0.5142935490505245, 0.3712895043531912, 0.1144169465962844, 0.0;
  (4, 6) : 0.0, 0.3347281486579491, 0.5618444597384721, 0.1034273916035788, 0.0;
  (4, 7) : 0.0, 0.3715686274509804, 0.5434967320261438, 0.08493464052287582, 0.0;
}
probability ( HDA | ATgoals, HTgoals ) {
  (0, 0) : 0.0, 1.0, 0.0;
  (0, 1) : 0.0, 0.0, 1.0;
  (0, 2) : 1.0, 0.0, 0.0;
  (0, 3) : 0.0, 0.0, 1.0;
  (0, 4) : 0.0, 0.0, 1.0;
  (1, 0) : 0.0, 0.0, 1.0;
  (1, 1) : 0.0, 0.0, 1.0;
  (1, 2) : 0.0, 1.0, 0.0;
  (1, 3) : 0.0, 0.0, 1.0;
  (1, 4) : 0.0, 0.0, 1.0;
  (2, 0) : 1.0, 0.0, 0.0;
  (2, 1) : 0.0, 0.0, 1.0;
  (2, 2) : 1.0, 0.0, 0.0;
  (2, 3) : 0.0, 1.0, 0.0;
  (2, 4) : 0.0, 0.0, 1.0;
  (3, 0) : 1.0, 0.0, 0.0;
  (3, 1) : 0.0, 1.0, 0.0;
  (3, 2) : 1.0, 0.0, 0.0;
  (3, 3) : 1.0, 0.0, 0.0;
  (3, 4) : 0.0, 0.0, 1.0;
  (4, 0) : 1.0, 0.0, 0.0;
  (4, 1) : 1.0, 0.0, 0.0;
  (4, 2) : 1.0, 0.0, 0.0;
  (4, 3) : 1.0, 0.0, 0.0;
  (4, 4) : 0.1750741839762611, 0.5014836795252225, 0.3234421364985163;
}
probability ( HTgoals | HTshotOnTarget, RDlevel ) {
  (0, 0) : 0.5717935615738375, 0.1379662749105774, 0.2902401635155851, 0.0, 0.0;
  (0, 1) : 0.2751670843776107, 0.2184976329713172, 0.09809245335561124, 0.3045460874408243, 0.1036967418546366;
  (0, 2) : 0.2915549597855228, 0.214343163538874, 0.1311662198391421, 0.2878016085790885, 0.07513404825737266;
  (0, 3) : 0.08979723205664629, 0.09269391696169939, 0.5574509172835532, 0.1750885098165433, 0.08496942388155777;
  (0, 4) : 0.2114784778540237, 0.1648298329521037, 0.10750675816178, 0.2827684203230055, 0.2334165107090871;
  (0, 5) : 0.1203114534494307, 0.1892163429336906, 0.0, 0.2390321500334896, 0.4514400535833891;
  (0, 6) : 0.1335430916552668, 0.2504240766073871, 0.04035567715458276, 0.2249247606019152, 0.3507523939808482;
  (0, 7) : 0.2501006846556585, 0.2071754597932609, 0.1046784803329306, 0.199422741307558, 0.238622633910592;
  (1, 0) : 0.2296727106853689, 0.0, 0.7703272893146311, 0.0, 0.0;
  (1, 1) : 0.2335557673975215, 0.0, 0.7259975486858232, 0.04044668391665532, 0.0;
  (1, 2) : 0.2701935483870967, 0.0, 0.6756129032258065, 0.05419354838709677, 0.0;
  (1, 3) : 0.2347698244969218, 0.0, 0.6861159606726086, 0.07911421483046954, 0.0;
  (1, 4) : 0.4110803324099723, 0.0, 0.5383194829178208, 0.05060018467220683, 0.0;
  (1, 5) : 0.2, 0.2, 0.2, 0.2, 0.2;
  (1, 6) : 0.3456334563345633, 0.0, 0.6543665436654367, 0.0, 0.0;
  (1, 7) : 0.3682170542635659, 0.0, 0.6317829457364341, 0.0, 0.0;
  (2, 0) : 0.4502222972592718, 0.0, 0.4261354043559007, 0.1236422983848275, 0.0;
  (2, 1) : 0.4721106982129185, 0.03157737483893858, 0.3320946387555788, 0.1642172881925641, 0.0;
  (2, 2) : 0.4549241553665824, 0.01545621696161802, 0.4097046655941163, 0.1199149620776833, 0.0;
  (2, 3) : 0.4013169550581704, 0.04063072107718656, 0.4340341345302073, 0.1240181893344357, 0.0;
  (2, 4) : 0.502693832053505, 0.04461852861035422, 0.2423519940549913, 0.2103356452811494, 0.0;
  (2, 5) : 0.3323563892145369, 0.1805392731535756, 0.3347010550996483, 0.1524032825322391, 0.0;
  (2, 6) : 0.3773943558999854, 0.0425500804211142, 0.08305307793537067, 0.4970024857435297, 0.0;
  (2, 7) : 0.4860980408931474, 0.02498075113354436, 0.1730686970656173, 0.315852510907691, 0.0;
  (3, 0) : 0.3496331382929321, 0.05572582892170521, 0.4266740967771895, 0.1540819169685149, 0.01388501903965821;
  (3, 1) : 0.3408720790171043, 0.1068369067694531, 0.2044615755239701, 0.3074054444712118, 0.04042399421826066;
  (3, 2) : 0.3816863738738739, 0.07912795608108109, 0.2385451858108108, 0.2766927083333333, 0.0239477759009009;
  (3, 3) : 0.3851118539470301, 0.1006942658781178, 0.2241450244278735, 0.2696065826690666, 0.02044227307791206;
  (3, 4) : 0.3417716028856858, 0.1477829663577614, 0.17533866327401, 0.2929346961789241, 0.04217207130361867;
  (3, 5) : 0.1892744479495268, 0.2447285405943882, 0.04648846089988378, 0.3772206541590569, 0.1422878963971443;
  (3, 6) : 0.2382752826153376, 0.1622364802933089, 0.1396272532844485, 0.386801099908341, 0.07305988389856401;
  (3, 7) : 0.2563550985073061, 0.1626747816049739, 0.1489545895747527, 0.3581678428080485, 0.07384768750491881;
  (4, 0) : 0.3935687263556116, 0.07150063051702396, 0.2510718789407314, 0.2138713745271122, 0.06998738965952081;
  (4, 1) : 0.2884037305379991, 0.1616309542161246, 0.1747726221674117, 0.2930669030368429, 0.08212579004162171;
  (4, 2) : 0.2966253197282653, 0.1649110261558349, 0.1660386699304161, 0.2799581946698204, 0.09246678951566324;
  (4, 3) : 0.2031907821847995, 0.2090996380825763, 0.2120540660314646, 0.3127261983898368, 0.06292931531132284;
  (4, 4) : 0.296004814591917, 0.1742974862274895, 0.1070552289245868, 0.2913291051340215, 0.1313133651219851;
  (4, 5) : 0.2015998967808529, 0.2063737823366235, 0.01780530288368492, 0.296432488226566, 0.2777885297722728;
  (4, 6) : 0.1459674848581447, 0.3117628307299968, 0.08049091488683456, 0.2735097226649665, 0.1882690468600574;
  (4, 7) : 0.230620818422281, 0.2624863855609149, 0.06955033452621752, 0.3156371557491831, 0.1217053057414035;
}
probability ( HTshotOnTarget | HTshots, RDlevel ) {
  (0, 0) : 0.0, 0.0, 0.0, 0.0, 1.0;
  (0, 1) : 0.4493510029953708, 0.01202686756830353, 0.03930289552509757, 0.2801125533266769, 0.2192066805845511;
  (0, 2) : 0.3906461205731279, 0.0, 0.03527980535279805, 0.2308732089753988, 0.3432008650986753;
  (0, 3) : 0.0, 0.0, 0.1663663663663664, 0.6552552552552553, 0.1783783783783784;
  (0, 4) : 0.4609159852561115, 0.0, 0.04762106511884082, 0.2386561030377495, 0.2528068465872982;
  (0, 5) : 0.5248204309656823, 0.0, 0.0, 0.1132482043096568, 0.3619313647246608;
  (0, 6) : 0.5732679522276707, 0.0, 0.0, 0.1177762401853133, 0.308955807587016;
  (0, 7) : 0.5611539887432173, 0.009369417950187052, 0.01937919180344444, 0.1473829665329783, 0.2627144349701729;
  (1, 0) : 0.0610440639910188, 0.06209654785293292, 0.1428571428571428, 0.4953690710075779, 0.2386331742913275;
  (1, 1) : 0.04013404252926558, 0.02834909532537924, 0.1834875797002035, 0.5096427406749356, 0.238386541770216;
  (1, 2) : 0.0620548433048433, 0.06419159544159544, 0.2202457264957265, 0.4098112535612536, 0.2436965811965812;
  (1, 3) : 0.03332182320441989, 0.04963743093922652, 0.285451197053407, 0.4185658379373849, 0.2130237108655617;
  (1, 4) : 0.04323043061120831, 0.02722125025866772, 0.1664315141938033, 0.474650563425325, 0.2884662415109957;
  (1, 5) : 0.145552094150225, 0.0, 0.09536171685704396, 0.2961232260297681, 0.462962962962963;
  (1, 6) : 0.03386500231160425, 0.01699029126213592, 0.1141932501155802, 0.4832408691631992, 0.3517105871474803;
  (1, 7) : 0.05537434859220935, 0.02114497806770892, 0.1925542683612642, 0.4945825366475462, 0.2363438683312713;
  (2, 0) : 0.1174754133794445, 0.03112504052739652, 0.06149356965308549, 0.4508807954177024, 0.3390251810223711;
  (2, 1) : 0.2048878743118034, 0.01831610044313146, 0.08956626829595811, 0.3859675036927622, 0.3012622532563448;
  (2, 2) : 0.2206300025819778, 0.007100438936225148, 0.0994577846630519, 0.2987090111025045, 0.3741027627162407;
  (2, 3) : 0.1432245737801293, 0.0, 0.1286008230452675, 0.4203409758965315, 0.3078336272780717;
  (2, 4) : 0.256722234958897, 0.009023024268823895, 0.1072609962990862, 0.3233550584613369, 0.303638686011856;
  (2, 5) : 0.2779346758349706, 0.0, 0.05335216110019646, 0.1596881139489195, 0.5090250491159135;
  (2, 6) : 0.388966849939037, 0.005705215210839908, 0.06685223952701926, 0.206238928891854, 0.3322367664312498;
  (2, 7) : 0.2575881327123021, 0.0, 0.0755391713207214, 0.2932827089909715, 0.3735899869760049;
  (3, 0) : 0.0, 0.1578574465070143, 0.4090028812998914, 0.3806622266307685, 0.05247744556232582;
  (3, 1) : 0.0, 0.111863980301587, 0.4179083017308003, 0.4085443663617247, 0.06168335160588796;
  (3, 2) : 0.0, 0.125495744138043, 0.3508129044228495, 0.3987986177145905, 0.124892733724517;
  (3, 3) : 0.0, 0.08075556710856945, 0.3980013285965976, 0.4735869219882737, 0.04765618230655922;
  (3, 4) : 0.0, 0.06313918512441892, 0.3456658463221219, 0.499343724364233, 0.09185124418922615;
  (3, 5) : 0.0, 0.0, 0.4948096885813149, 0.5051903114186851, 0.0;
  (3, 6) : 0.0, 0.03500387496770861, 0.2527770601911651, 0.6383363471971067, 0.07388271764401963;
  (3, 7) : 0.0, 0.1785205132266751, 0.1803421511167432, 0.5530651037541581, 0.08807223190242357;
  (4, 0) : 0.0, 0.3271804337794186, 0.5003076449776958, 0.1725119212428857, 0.0;
  (4, 1) : 0.0, 0.3728168770534325, 0.5573231886564067, 0.06985993429016081, 0.0;
  (4, 2) : 0.0, 0.4771015829107115, 0.2458890425695405, 0.2570308898109728, 0.01997848470877516;
  (4, 3) : 0.0, 0.406855534949159, 0.5204962588731854, 0.07264820617765556, 0.0;
  (4, 4) : 0.0, 0.2440528634361233, 0.6903083700440529, 0.06563876651982378, 0.0;
  (4, 5) : 0.2, 0.2, 0.2, 0.2, 0.2;
  (4, 6) : 0.2, 0.2, 0.2, 0.2, 0.2;
  (4, 7) : 0.0, 0.0, 0.4946808510638298, 0.5053191489361702, 0.0;
}
probability ( HTshots | RDlevel, possession ) {
  (0, 0) : 0.0, 0.1450902527075812, 0.03036101083032491, 0.4686281588447653, 0.3559205776173285;
  (0, 1) : 0.2, 0.2, 0.2, 0.2, 0.2;
  (0, 2) : 0.0, 0.2871477802554226, 0.3966146361240624, 0.2591729170889925, 0.0570646665315224;
  (0, 3) : 0.0, 0.0, 0.0, 1.0, 0.0;
  (0, 4) : 0.01396342675412443, 0.3677201351619956, 0.2235639037964619, 0.2665474060822898, 0.1282051282051282;
  (1, 0) : 0.0, 0.2511936890180611, 0.115216940004152, 0.3273129887205038, 0.3062763822572832;
  (1, 1) : 0.2060987185571903, 0.1945894636924537, 0.5317987660180351, 0.06751305173232083, 0.0;
  (1, 2) : 0.08632756602055418, 0.3891591865053554, 0.309058583756125, 0.1932786956333203, 0.02217596808464507;
  (1, 3) : 0.1864721208963002, 0.3102657634184471, 0.3340072954663887, 0.1574986972381449, 0.01175612298071912;
  (1, 4) : 0.02101478706921191, 0.3595228424868752, 0.2506581223581088, 0.3083472479203334, 0.06045700016547077;
  (2, 0) : 0.01005183524796862, 0.2801905295601009, 0.1172597366209022, 0.3963995516951527, 0.1960983468758756;
  (2, 1) : 0.1651090342679128, 0.1700934579439252, 0.664797507788162, 0.0, 0.0;
  (2, 2) : 0.06257009514851126, 0.4391664556275098, 0.2718244636590572, 0.1799138960240223, 0.04652508954089939;
  (2, 3) : 0.08334817453250222, 0.2543187889581478, 0.5101810626298605, 0.1352923716236272, 0.01685960225586227;
  (2, 4) : 0.03532555446691013, 0.3442593747216531, 0.1905050325109112, 0.3486951100026721, 0.08121492829785339;
  (3, 0) : 0.00837133941430629, 0.2832453192510802, 0.05043807009121459, 0.3914426308209313, 0.2665026404224676;
  (3, 1) : 0.2, 0.2, 0.2, 0.2, 0.2;
  (3, 2) : 0.06188654134087506, 0.2874729662285809, 0.2778239893528531, 0.2785448899240281, 0.09427161315366273;
  (3, 3) : 0.0, 0.5646997929606625, 0.0, 0.4353002070393375, 0.0;
  (3, 4) : 0.005745658835546476, 0.4051115083418454, 0.1471952672795369, 0.3343760640108955, 0.1075715015321757;
  (4, 0) : 0.0, 0.2713591109053021, 0.1317434591340588, 0.5318360731650845, 0.06506135679555453;
  (4, 1) : 0.3588833306438599, 0.2305147652089721, 0.2957882846538648, 0.1148136194933032, 0.0;
  (4, 2) : 0.09686949244950488, 0.2998389734876821, 0.3478679836184052, 0.237482407536548, 0.01794114290785987;
  (4, 3) : 0.2165077530578831, 0.2602330732928826, 0.4141770201290571, 0.1033997881151883, 0.005682365404988924;
  (4, 4) : 0.008747097553993447, 0.3807373008047329, 0.2510576036133465, 0.2783803556092751, 0.081077642418652;
  (5, 0) : 0.2, 0.2, 0.2, 0.2, 0.2;
  (5, 1) : 0.4622534028902081, 0.05216765605324699, 0.4855789410565449, 0.0, 0.0;
  (5, 2) : 0.09035759897828863, 0.3735632183908046, 0.4466794380587484, 0.08939974457215837, 0.0;
  (5, 3) : 0.3066423406986958, 0.2143388066761268, 0.4588823569160078, 0.02013649570916954, 0.0;
  (5, 4) : 0.0, 1.0, 0.0, 0.0, 0.0;
  (6, 0) : 0.2, 0.2, 0.2, 0.2, 0.2;
  (6, 1) : 0.429851354103034, 0.1258399511301161, 0.3893009861244437, 0.05500770864240626, 0.0;
  (6, 2) : 0.1591757427008232, 0.2019225852635885, 0.4816689676330725, 0.1572327044025157, 0.0;
  (6, 3) : 0.3323101384625577, 0.187266744694477, 0.4313539297308041, 0.04906918711216129, 0.0;
  (6, 4) : 0.1193383221740843, 0.2162268609688854, 0.4462386766443482, 0.2181961402126822, 0.0;
  (7, 0) : 0.0, 0.0, 1.0, 0.0, 0.0;
  (7, 1) : 0.4239664469742361, 0.1477531455961654, 0.3751547833033753, 0.04254044337926902, 0.01058518074695426;
  (7, 2) : 0.1303801603055353, 0.3309128370059549, 0.373175205407171, 0.1580190457046659, 0.007512751576672781;
  (7, 3) : 0.3090328467153285, 0.1861770072992701, 0.4228102189781022, 0.08197992700729927, 0.0;
  (7, 4) : 0.05449591280653951, 0.2796321525885558, 0.3801089918256131, 0.2857629427792915, 0.0;
}
probability ( RDlevel ) {
   0.057959, 0.252636, 0.158419, 0.100285, 0.178936, 0.035174, 0.101756, 0.114835;
}
probability ( possession | RDlevel ) {
  (0) : 0.4779240497593126, 0.0, 0.1702237788781725, 0.004641211891164444, 0.3472109594713504;
  (1) : 0.05720087398470527, 0.03336024952896657, 0.4564076378663373, 0.1898977184565937, 0.2631335201633971;
  (2) : 0.1802309066462987, 0.01013136050599991, 0.3489606675966898, 0.1063319425068963, 0.3543451227441153;
  (3) : 0.3323328513735853, 0.0, 0.1798175200678067, 0.01926509448072992, 0.468584534077878;
  (4) : 0.02413712165243439, 0.06926498859927571, 0.4407665310502079, 0.2901316671882684, 0.1756996915098136;
  (5) : 0.0, 0.4741286177290044, 0.08904304315687724, 0.4207369079433673, 0.01609143117075112;
  (6) : 0.0, 0.3378375722316129, 0.1921950548370612, 0.4450155273399112, 0.02495184559141476;
  (7) : 0.002516654330125833, 0.2180084469020769, 0.3465755214002699, 0.3817651412896765, 0.05113423607785083;
}
